{
 "cells": [
  {
   "cell_type": "markdown",
   "metadata": {},
   "source": [
    "### Assignment Submission - Asset Pricing\n",
    "> Student Name : Ankit Rawat\n",
    "\n",
    "> Batch : G2 "
   ]
  },
  {
   "cell_type": "code",
   "execution_count": 1,
   "metadata": {},
   "outputs": [],
   "source": [
    "### Import Libraries"
   ]
  },
  {
   "cell_type": "code",
   "execution_count": 2,
   "metadata": {},
   "outputs": [],
   "source": [
    "import pandas as pd\n",
    "import random\n",
    "import numpy as np\n",
    "import pandas as pd\n",
    "import pandas_datareader.data as web\n",
    "import datetime\n",
    "import numpy as np\n",
    "import matplotlib.pyplot as plt\n",
    "from matplotlib.pyplot import subplot, scatter, plot, axis\n",
    "from scipy.stats import linregress\n",
    "import seaborn as sns\n",
    "import plotly.figure_factory as ff\n",
    "import plotly.graph_objs as go\n",
    "import scipy.stats as stats"
   ]
  },
  {
   "cell_type": "code",
   "execution_count": 3,
   "metadata": {},
   "outputs": [],
   "source": [
    "### Setup Allignment"
   ]
  },
  {
   "cell_type": "code",
   "execution_count": 4,
   "metadata": {},
   "outputs": [],
   "source": [
    "pd.set_option(\"display.notebook_repr_html\", False)\n",
    "pd.set_option(\"display.max_columns\", 12)\n",
    "pd.set_option(\"display.width\", 110)\n",
    "pd.set_option(\"precision\", 3)\n",
    "pd.set_option(\"max_rows\", 10)\n",
    "pd.set_option(\"min_rows\", 3)\n",
    "\n",
    "%matplotlib inline"
   ]
  },
  {
   "cell_type": "markdown",
   "metadata": {},
   "source": [
    "> ## 1. Load Data"
   ]
  },
  {
   "cell_type": "code",
   "execution_count": 5,
   "metadata": {},
   "outputs": [],
   "source": [
    "data  = pd.read_csv(\"Industry_Portfolios.csv\")"
   ]
  },
  {
   "cell_type": "markdown",
   "metadata": {},
   "source": [
    "> Data Wragling\n",
    ">> Verify any null data\n",
    ">> Date formating \n",
    ">> Create copy "
   ]
  },
  {
   "cell_type": "code",
   "execution_count": 6,
   "metadata": {},
   "outputs": [],
   "source": [
    "data.isnull().sum()\n",
    "data[\"Date\"] = pd.to_datetime(data['Date'],format='%Y%m')\n",
    "df  = data.copy()\n",
    "df.set_index( \"Date\", inplace =True)"
   ]
  },
  {
   "cell_type": "code",
   "execution_count": 7,
   "metadata": {},
   "outputs": [],
   "source": [
    "df_market_Portfolio = pd.read_csv(\"Market_Portfolio.csv\")\n",
    "data_indus_Portfolio  = pd.read_csv(\"Industry_Portfolios.csv\")\n",
    "df_market_Portfolio.set_index(\"Date\",inplace = True)\n",
    "data_indus_Portfolio.set_index(\"Date\",inplace = True)"
   ]
  },
  {
   "cell_type": "code",
   "execution_count": 8,
   "metadata": {},
   "outputs": [],
   "source": [
    "df_ = pd.concat([data_indus_Portfolio,df_market_Portfolio],axis =1)\n",
    "df  = np.subtract( df_.loc[:,\"NoDur\":\"Other\"] , pd.DataFrame(df_[\"Market\"]))"
   ]
  },
  {
   "cell_type": "markdown",
   "metadata": {},
   "source": [
    "> ### 2.Calculate mean returns"
   ]
  },
  {
   "cell_type": "code",
   "execution_count": 9,
   "metadata": {},
   "outputs": [],
   "source": [
    "R = pd.DataFrame(df.mean())\n",
    "R_array = np.array(R)"
   ]
  },
  {
   "cell_type": "code",
   "execution_count": 10,
   "metadata": {},
   "outputs": [
    {
     "name": "stdout",
     "output_type": "stream",
     "text": [
      "Expected Mean of the given data is :\n",
      "            0\n",
      "NoDur  0.155\n",
      "Durbl -0.015\n",
      "Manuf  0.265\n",
      "Enrgy  0.483\n",
      "HiTec  0.018\n",
      "Telcm  0.133\n",
      "Shops  0.168\n",
      "Hlth   0.036\n",
      "Utils  0.159\n",
      "Other -0.259 \n"
     ]
    }
   ],
   "source": [
    "print (\"Expected Mean of the given data is :\\n {} \".format(R))"
   ]
  },
  {
   "cell_type": "markdown",
   "metadata": {},
   "source": [
    "> ### 3. Calculate covariance matrix of returns for the ten industry portfolios"
   ]
  },
  {
   "cell_type": "code",
   "execution_count": 11,
   "metadata": {},
   "outputs": [
    {
     "name": "stdout",
     "output_type": "stream",
     "text": [
      "Convariance of the given data is :\n",
      "        NoDur   Durbl  Manuf   Enrgy  HiTec  Telcm  Shops   Hlth   Utils  Other\n",
      "NoDur  5.440  -6.073 -1.396  -1.201 -1.883  1.539  1.141  3.815   4.272 -1.769\n",
      "Durbl -6.073  26.629  4.908  -3.481  1.892 -1.708 -0.354 -8.083  -9.617  4.386\n",
      "Manuf -1.396   4.908  2.950   1.666  0.065 -0.626 -1.155 -2.289  -1.901  0.359\n",
      "Enrgy -1.201  -3.481  1.666  19.275 -1.517 -1.041 -3.710 -2.486   4.454 -3.865\n",
      "HiTec -1.883   1.892  0.065  -1.517  5.099 -0.773 -0.245 -1.936  -2.343 -1.404\n",
      "Telcm  1.539  -1.708 -0.626  -1.041 -0.773  4.683  0.464  0.693   2.721 -1.272\n",
      "Shops  1.141  -0.354 -1.155  -3.710 -0.245  0.464  4.453  0.765  -0.177 -0.257\n",
      "Hlth   3.815  -8.083 -2.289  -2.486 -1.936  0.693  0.765  7.820   3.496 -1.727\n",
      "Utils  4.272  -9.617 -1.901   4.454 -2.343  2.721 -0.177  3.496  12.267 -4.055\n",
      "Other -1.769   4.386  0.359  -3.865 -1.404 -1.272 -0.257 -1.727  -4.055  4.503 \n"
     ]
    }
   ],
   "source": [
    "Covmatrix = df.cov()\n",
    "print (\"Convariance of the given data is :\\n {} \".format(Covmatrix))"
   ]
  },
  {
   "cell_type": "markdown",
   "metadata": {},
   "source": [
    "> ### 4. Standard Deviation of the given data set"
   ]
  },
  {
   "cell_type": "code",
   "execution_count": 12,
   "metadata": {},
   "outputs": [
    {
     "name": "stdout",
     "output_type": "stream",
     "text": [
      "Std_Deviation of the given data is :\n",
      " [2.33238076 5.16042634 1.7175564  4.38976081 2.25831796 2.16333077\n",
      " 2.10950231 2.79642629 3.50285598 2.12132034] \n"
     ]
    }
   ],
   "source": [
    "Std_Deviation = np.sqrt(np.diagonal(Covmatrix).round(2))\n",
    "print (\"Std_Deviation of the given data is :\\n {} \".format(Std_Deviation))"
   ]
  },
  {
   "cell_type": "markdown",
   "metadata": {},
   "source": [
    "> ### 4. Validate covariance is Symmetric and positive definite "
   ]
  },
  {
   "cell_type": "code",
   "execution_count": 13,
   "metadata": {},
   "outputs": [
    {
     "name": "stdout",
     "output_type": "stream",
     "text": [
      " Covariance matrix is Symmetric : \n",
      "        NoDur  Durbl  Manuf  Enrgy  HiTec  Telcm  Shops  Hlth  Utils  Other\n",
      "NoDur    0.0    0.0    0.0    0.0    0.0    0.0    0.0   0.0    0.0    0.0\n",
      "Durbl    0.0    0.0    0.0    0.0    0.0    0.0    0.0   0.0    0.0    0.0\n",
      "Manuf    0.0    0.0    0.0    0.0    0.0    0.0    0.0   0.0    0.0    0.0\n",
      "Enrgy    0.0    0.0    0.0    0.0    0.0    0.0    0.0   0.0    0.0    0.0\n",
      "HiTec    0.0    0.0    0.0    0.0    0.0    0.0    0.0   0.0    0.0    0.0\n",
      "Telcm    0.0    0.0    0.0    0.0    0.0    0.0    0.0   0.0    0.0    0.0\n",
      "Shops    0.0    0.0    0.0    0.0    0.0    0.0    0.0   0.0    0.0    0.0\n",
      "Hlth     0.0    0.0    0.0    0.0    0.0    0.0    0.0   0.0    0.0    0.0\n",
      "Utils    0.0    0.0    0.0    0.0    0.0    0.0    0.0   0.0    0.0    0.0\n",
      "Other    0.0    0.0    0.0    0.0    0.0    0.0    0.0   0.0    0.0    0.0\n",
      "\n",
      "\n",
      " Covariance matrix is Invertible : \n",
      " [[ 1.  0.  0. -0. -0. -0. -0. -0. -0. -0.]\n",
      " [-0.  1. -0. -0.  0. -0. -0.  0. -0. -0.]\n",
      " [-0. -0.  1. -0.  0.  0. -0. -0. -0. -0.]\n",
      " [ 0. -0. -0.  1. -0. -0.  0. -0.  0. -0.]\n",
      " [-0. -0. -0.  0.  1. -0. -0. -0.  0. -0.]\n",
      " [ 0.  0.  0. -0. -0.  1. -0. -0. -0.  0.]\n",
      " [-0.  0. -0.  0. -0. -0.  1. -0. -0. -0.]\n",
      " [ 0.  0.  0.  0.  0.  0.  0.  1.  0.  0.]\n",
      " [ 0.  0.  0.  0.  0.  0.  0.  0.  1.  0.]\n",
      " [ 0.  0.  0.  0.  0.  0.  0.  0.  0.  1.]]\n"
     ]
    },
    {
     "data": {
      "text/plain": [
       "array([[ 5.45383229e-01,  4.52282303e-02,  2.07945041e-01,\n",
       "         2.78363758e-01,  6.04680938e-01,  1.53595518e-01,\n",
       "         1.80487809e-01,  1.90500937e-01,  5.74650893e-02,\n",
       "         7.59500969e-01],\n",
       "       [ 4.52282303e-02,  8.96520899e-02, -8.74489380e-02,\n",
       "         3.89464036e-02,  4.29778706e-02,  6.25343163e-03,\n",
       "        -7.13876686e-04,  6.30519257e-02,  2.71023736e-02,\n",
       "         3.45527748e-02],\n",
       "       [ 2.07945041e-01, -8.74489380e-02,  1.13979978e+00,\n",
       "         4.02051132e-01,  1.05645736e+00,  3.70594533e-01,\n",
       "         5.77248304e-01,  6.14377150e-01,  3.04562775e-01,\n",
       "         1.39790823e+00],\n",
       "       [ 2.78363758e-01,  3.89464036e-02,  4.02051132e-01,\n",
       "         5.06498392e-01,  9.53963540e-01,  3.57385466e-01,\n",
       "         4.62025059e-01,  5.39514740e-01,  1.89783184e-01,\n",
       "         1.27657562e+00],\n",
       "       [ 6.04680938e-01,  4.29778706e-02,  1.05645736e+00,\n",
       "         9.53963540e-01,  2.30237254e+00,  7.43644981e-01,\n",
       "         9.52973363e-01,  1.15990395e+00,  5.37592942e-01,\n",
       "         2.84131790e+00],\n",
       "       [ 1.53595518e-01,  6.25343163e-03,  3.70594533e-01,\n",
       "         3.57385466e-01,  7.43644981e-01,  5.23995220e-01,\n",
       "         3.30645052e-01,  4.26827087e-01,  1.18802670e-01,\n",
       "         1.00079445e+00],\n",
       "       [ 1.80487809e-01, -7.13876686e-04,  5.77248304e-01,\n",
       "         4.62025059e-01,  9.52973363e-01,  3.30645052e-01,\n",
       "         7.23154850e-01,  5.34982793e-01,  2.49115367e-01,\n",
       "         1.28335939e+00],\n",
       "       [ 1.90500937e-01,  6.30519257e-02,  6.14377150e-01,\n",
       "         5.39514740e-01,  1.15990395e+00,  4.26827087e-01,\n",
       "         5.34982793e-01,  8.61344550e-01,  2.72588769e-01,\n",
       "         1.51596457e+00],\n",
       "       [ 5.74650893e-02,  2.71023736e-02,  3.04562775e-01,\n",
       "         1.89783184e-01,  5.37592942e-01,  1.18802670e-01,\n",
       "         2.49115367e-01,  2.72588769e-01,  3.04079902e-01,\n",
       "         7.28516164e-01],\n",
       "       [ 7.59500969e-01,  3.45527748e-02,  1.39790823e+00,\n",
       "         1.27657562e+00,  2.84131790e+00,  1.00079445e+00,\n",
       "         1.28335939e+00,  1.51596457e+00,  7.28516164e-01,\n",
       "         3.95004023e+00]])"
      ]
     },
     "execution_count": 13,
     "metadata": {},
     "output_type": "execute_result"
    }
   ],
   "source": [
    "Covmatrix_array = np.array(Covmatrix)\n",
    "Covmatrix_inverse = np.linalg.inv(Covmatrix_array) \n",
    "print ( \" Covariance matrix is Symmetric : \\n {}\".format(Covmatrix - Covmatrix_array))\n",
    "print (\"\\n\")\n",
    "print ( \" Covariance matrix is Invertible : \\n {}\".format(Covmatrix_array.dot(Covmatrix_inverse).round(2)))\n",
    "Covmatrix_inverse"
   ]
  },
  {
   "cell_type": "markdown",
   "metadata": {},
   "source": [
    "> ###  5.Create Matrix  : e = (1....1)'"
   ]
  },
  {
   "cell_type": "code",
   "execution_count": 14,
   "metadata": {},
   "outputs": [
    {
     "name": "stdout",
     "output_type": "stream",
     "text": [
      "e Matrix :  \n",
      " [[1]\n",
      " [1]\n",
      " [1]\n",
      " [1]\n",
      " [1]\n",
      " [1]\n",
      " [1]\n",
      " [1]\n",
      " [1]\n",
      " [1]]\n"
     ]
    }
   ],
   "source": [
    "e = pd.DataFrame([1] * len( df.columns))\n",
    "e  = np.array(e)\n",
    "print ( \"e Matrix :  \\n {}\".format(e))"
   ]
  },
  {
   "cell_type": "markdown",
   "metadata": {},
   "source": [
    "> ### 6.Vertical Axis : Mean_Vertical_axis :0% to 0.1% (in increment of 0.0005%)"
   ]
  },
  {
   "cell_type": "code",
   "execution_count": 15,
   "metadata": {},
   "outputs": [],
   "source": [
    "Expected__Mean_Vertical_axis  = pd.DataFrame( np.arange(0,0.1,0.0005))"
   ]
  },
  {
   "cell_type": "markdown",
   "metadata": {},
   "source": [
    "> ### 7.Find Values for variables  :  Alpha, Zeta and Delta "
   ]
  },
  {
   "cell_type": "code",
   "execution_count": 16,
   "metadata": {},
   "outputs": [
    {
     "name": "stdout",
     "output_type": "stream",
     "text": [
      "Value of  \n",
      " Alpha : [[2.93212788]] \n",
      " and \n",
      " Zeta :  [[0.20474497]] \n",
      " and \n",
      " Delta : [[58.55025438]] \n",
      "\n",
      " Global Minimum Variance of Portfolio  : [[0.05007882]] \n"
     ]
    }
   ],
   "source": [
    "alpha = (R_array.T).dot(Covmatrix_inverse).dot(np.array(e))\n",
    "\n",
    "R_array_Tran = np.array(R).T\n",
    "zeta = R_array_Tran.dot(Covmatrix_inverse).dot(R_array)\n",
    "\n",
    "e_Tran = np.array(e).T\n",
    "Delta = e_Tran.dot(Covmatrix_inverse).dot(np.array(e))\n",
    "print ( \"Value of  \\n Alpha : {} \\n and \\n Zeta :  {} \\n and \\n Delta : {} \".format(alpha,zeta,Delta))\n",
    "print ( \"\\n Global Minimum Variance of Portfolio  : {} \".format(alpha/Delta))"
   ]
  },
  {
   "cell_type": "markdown",
   "metadata": {},
   "source": [
    "> ### 9. Functions to perform different calculations "
   ]
  },
  {
   "cell_type": "code",
   "execution_count": 17,
   "metadata": {},
   "outputs": [],
   "source": [
    "def Weight_Lagrange_Multipliers(Expected_return):\n",
    "    \n",
    "    def Lambda_Cov_R(Expected_return):\n",
    "\n",
    "        Lambda = np.divide( np.subtract( Delta.dot(Expected_return) , alpha ), np.subtract(zeta.dot(Delta),np.square(alpha)))\n",
    "        Lambda_Cov_R_value  = np.multiply(Lambda,Covmatrix_inverse).dot(R_array)\n",
    "        return (Lambda_Cov_R_value)\n",
    "\n",
    "    def Second_Cov_R(Expected_return):\n",
    "        y= np.divide(np.subtract(zeta,np.multiply(alpha,(0.02))),np.subtract (zeta.dot(Delta),np.square(alpha)))\n",
    "        Second_Cov_R_value = np.multiply(y,Covmatrix_inverse).dot(e)\n",
    "        return (Second_Cov_R_value)\n",
    "    \n",
    "    def weight(Expected_return):      \n",
    "        \n",
    "        Optimal_weight = pd.DataFrame(np.add(Lambda_Cov_R(Expected_return),Second_Cov_R(Expected_return)))\n",
    "        return (Optimal_weight)\n",
    "     \n",
    "   \n",
    "    weight(Expected_return)\n",
    "    \n",
    "    return np.add(Lambda_Cov_R(Expected_return),Second_Cov_R(Expected_return))\n",
    "\n",
    "\n",
    "def Value_a(zeta,Covmatrix_inverse,e,alpha,R_array,Delta):\n",
    "    return np.divide( np.multiply(zeta,Covmatrix_inverse).dot(e) - ( np.multiply(alpha,Covmatrix_inverse).dot(R_array)) ,np.subtract(np.multiply(zeta,Delta),np.square(alpha)) )\n",
    "\n",
    "\n",
    "def Value_b(zeta,Covmatrix_inverse,e,alpha,R_array,Delta):\n",
    "    return np.divide( np.multiply(Delta,Covmatrix_inverse).dot(R_array) - ( np.multiply(alpha,Covmatrix_inverse).dot(e)),np.subtract(np.multiply(zeta,Delta),np.square(alpha)) )\n",
    "\n",
    "\n",
    "def Optimal_Portfolio_weight_a_b(zeta,Covmatrix_inverse,e,alpha,R_array,Delta,Expected_return):\n",
    "    \n",
    "    return np.add(Value_a(zeta,Covmatrix_inverse,e,alpha,R_array,Delta),(Value_b(zeta,Covmatrix_inverse,e,alpha,R_array,Delta)).dot(Expected_return))\n",
    "\n",
    "\n",
    "def Std_deviation_Portfolio_with_RiskfreeAsset(Expected_Portfolio_Return,Risk_Free_Asset):\n",
    "    ##(2 - 0.10)/np.sqrt(zeta - 2*alpha*0.13+Delta*np.square(0.13))\n",
    "    return float((Expected_Portfolio_Return - Risk_Free_Asset)/(np.sqrt(zeta - 2*alpha*Risk_Free_Asset+Delta*np.square(Risk_Free_Asset))).astype(float))\n",
    "\n",
    "def Sharpe_Ratio(Expected_Portfolio_Return,Riskfree_rate):\n",
    "    \n",
    "    return np.sqrt(zeta - 2*alpha*Riskfree_rate + Delta*np.square(Riskfree_rate))"
   ]
  },
  {
   "cell_type": "markdown",
   "metadata": {},
   "source": [
    "> ### 9.Standard.Dev Calculation "
   ]
  },
  {
   "cell_type": "code",
   "execution_count": 18,
   "metadata": {},
   "outputs": [],
   "source": [
    "df_exp_front = Expected__Mean_Vertical_axis\n",
    "df_exp_front.rename ( columns = {0 :\"Exp_Return\"}, inplace = True)"
   ]
  },
  {
   "cell_type": "code",
   "execution_count": 19,
   "metadata": {},
   "outputs": [],
   "source": [
    "#df_exp_front[\"Exp_Return_Variance\"] = pd.DataFrame(df_exp_front.Exp_Return.apply( lambda x : float((Weight_Lagrange_Multipliers(x).T).dot(Covmatrix_array).dot(Weight_Lagrange_Multipliers(x)).astype(float)) ))\n",
    "#df_exp_front[\"Exp_Return_St_dev\"] = df_exp_front[\"Exp_Return_Variance\"].apply( lambda x : np.sqrt(x))\n",
    "df_exp_front[\"Exp_Return_Std_dev_Rmv\"] = df_exp_front[\"Exp_Return\"].apply(lambda x : float(np.sqrt((1/Delta) + (( Delta /(zeta*Delta -np.square(alpha))*np.square(x  - (alpha/Delta))))).astype(float)))"
   ]
  },
  {
   "cell_type": "markdown",
   "metadata": {},
   "source": [
    "> ### 12.Expected Return of Tangency Portfolio"
   ]
  },
  {
   "cell_type": "code",
   "execution_count": 20,
   "metadata": {},
   "outputs": [
    {
     "name": "stdout",
     "output_type": "stream",
     "text": [
      " Expected_Return_Tangent_Portfolio  : [[0.06982812]]\n"
     ]
    }
   ],
   "source": [
    "Expected_Return_Tangent_Portfolio  = (alpha*0- zeta)/((Delta*0)-alpha)\n",
    "print (\" Expected_Return_Tangent_Portfolio  : {}\".format(Expected_Return_Tangent_Portfolio))"
   ]
  },
  {
   "cell_type": "markdown",
   "metadata": {},
   "source": [
    "> ### 13. Standard Deviation of Tangency Portfolio"
   ]
  },
  {
   "cell_type": "code",
   "execution_count": 21,
   "metadata": {},
   "outputs": [
    {
     "name": "stdout",
     "output_type": "stream",
     "text": [
      "Expected_Return of Tangency Portfolio  : 0.1543205336644371 \n"
     ]
    }
   ],
   "source": [
    "print ( \"Expected_Return of Tangency Portfolio  : {} \".format(Std_deviation_Portfolio_with_RiskfreeAsset(Expected_Return_Tangent_Portfolio,0)))"
   ]
  },
  {
   "cell_type": "markdown",
   "metadata": {},
   "source": [
    "> ### 14.Lambda  with Risk Free asset  for Expected Return"
   ]
  },
  {
   "cell_type": "code",
   "execution_count": 22,
   "metadata": {},
   "outputs": [
    {
     "name": "stdout",
     "output_type": "stream",
     "text": [
      "lambda_Risk_Free_Asset Tangency Portfolio : [[0.34104924]] \n"
     ]
    }
   ],
   "source": [
    "lambda_Risk_Free_Asset = (Expected_Return_Tangent_Portfolio - 0.0)/(zeta - 2 * alpha * 0 + Delta * ( 0.0 ** 2))\n",
    "print ( \"lambda_Risk_Free_Asset Tangency Portfolio : {} \".format(lambda_Risk_Free_Asset))"
   ]
  },
  {
   "cell_type": "markdown",
   "metadata": {},
   "source": [
    "> ### 15.Weight of Portfolio with risk free asset "
   ]
  },
  {
   "cell_type": "code",
   "execution_count": 23,
   "metadata": {},
   "outputs": [
    {
     "data": {
      "text/plain": [
       "array([[ 5.45383229e-01,  4.52282303e-02,  2.07945041e-01,\n",
       "         2.78363758e-01,  6.04680938e-01,  1.53595518e-01,\n",
       "         1.80487809e-01,  1.90500937e-01,  5.74650893e-02,\n",
       "         7.59500969e-01],\n",
       "       [ 4.52282303e-02,  8.96520899e-02, -8.74489380e-02,\n",
       "         3.89464036e-02,  4.29778706e-02,  6.25343163e-03,\n",
       "        -7.13876686e-04,  6.30519257e-02,  2.71023736e-02,\n",
       "         3.45527748e-02],\n",
       "       [ 2.07945041e-01, -8.74489380e-02,  1.13979978e+00,\n",
       "         4.02051132e-01,  1.05645736e+00,  3.70594533e-01,\n",
       "         5.77248304e-01,  6.14377150e-01,  3.04562775e-01,\n",
       "         1.39790823e+00],\n",
       "       [ 2.78363758e-01,  3.89464036e-02,  4.02051132e-01,\n",
       "         5.06498392e-01,  9.53963540e-01,  3.57385466e-01,\n",
       "         4.62025059e-01,  5.39514740e-01,  1.89783184e-01,\n",
       "         1.27657562e+00],\n",
       "       [ 6.04680938e-01,  4.29778706e-02,  1.05645736e+00,\n",
       "         9.53963540e-01,  2.30237254e+00,  7.43644981e-01,\n",
       "         9.52973363e-01,  1.15990395e+00,  5.37592942e-01,\n",
       "         2.84131790e+00],\n",
       "       [ 1.53595518e-01,  6.25343163e-03,  3.70594533e-01,\n",
       "         3.57385466e-01,  7.43644981e-01,  5.23995220e-01,\n",
       "         3.30645052e-01,  4.26827087e-01,  1.18802670e-01,\n",
       "         1.00079445e+00],\n",
       "       [ 1.80487809e-01, -7.13876686e-04,  5.77248304e-01,\n",
       "         4.62025059e-01,  9.52973363e-01,  3.30645052e-01,\n",
       "         7.23154850e-01,  5.34982793e-01,  2.49115367e-01,\n",
       "         1.28335939e+00],\n",
       "       [ 1.90500937e-01,  6.30519257e-02,  6.14377150e-01,\n",
       "         5.39514740e-01,  1.15990395e+00,  4.26827087e-01,\n",
       "         5.34982793e-01,  8.61344550e-01,  2.72588769e-01,\n",
       "         1.51596457e+00],\n",
       "       [ 5.74650893e-02,  2.71023736e-02,  3.04562775e-01,\n",
       "         1.89783184e-01,  5.37592942e-01,  1.18802670e-01,\n",
       "         2.49115367e-01,  2.72588769e-01,  3.04079902e-01,\n",
       "         7.28516164e-01],\n",
       "       [ 7.59500969e-01,  3.45527748e-02,  1.39790823e+00,\n",
       "         1.27657562e+00,  2.84131790e+00,  1.00079445e+00,\n",
       "         1.28335939e+00,  1.51596457e+00,  7.28516164e-01,\n",
       "         3.95004023e+00]])"
      ]
     },
     "execution_count": 23,
     "metadata": {},
     "output_type": "execute_result"
    }
   ],
   "source": [
    "Covmatrix_inverse"
   ]
  },
  {
   "cell_type": "code",
   "execution_count": 24,
   "metadata": {
    "scrolled": true
   },
   "outputs": [
    {
     "data": {
      "text/plain": [
       "array([[5.26341943e-02],\n",
       "       [1.53428449e-04],\n",
       "       [1.37626709e-01],\n",
       "       [8.70322403e-02],\n",
       "       [1.79352886e-01],\n",
       "       [7.10739711e-02],\n",
       "       [1.06884468e-01],\n",
       "       [1.02775950e-01],\n",
       "       [4.01622131e-02],\n",
       "       [2.22303939e-01]])"
      ]
     },
     "execution_count": 24,
     "metadata": {},
     "output_type": "execute_result"
    }
   ],
   "source": [
    "((lambda_Risk_Free_Asset *Covmatrix_inverse).dot(R_array -  0 * e  ))"
   ]
  },
  {
   "cell_type": "markdown",
   "metadata": {},
   "source": [
    "## Information Ratio"
   ]
  },
  {
   "cell_type": "code",
   "execution_count": 25,
   "metadata": {},
   "outputs": [
    {
     "data": {
      "text/plain": [
       "array([[0.45248754]])"
      ]
     },
     "execution_count": 25,
     "metadata": {},
     "output_type": "execute_result"
    }
   ],
   "source": [
    "Expected_Return_Tangent_Portfolio / Std_deviation_Portfolio_with_RiskfreeAsset(Expected_Return_Tangent_Portfolio,0)"
   ]
  },
  {
   "cell_type": "markdown",
   "metadata": {},
   "source": [
    "> ###  17. Graph"
   ]
  },
  {
   "cell_type": "code",
   "execution_count": 31,
   "metadata": {
    "scrolled": true
   },
   "outputs": [
    {
     "data": {
